3 4 6521 11444 3312 6282 
2 7 6282 349 3340 9388 321 11305 9320 
2 5 6282 6334 9334 9361 11372 
3 4 6521 9428 6441 514 
3 6 6521 375 11219 9294 9320 9347 
3 4 6521 3499 9456 3522 
2 4 3522 9375 526 6377 
1 3 6377 6263 6325 
2 4 6389 6257 13301 9347 
3 5 9496 3572 6595 552 9570 
2 3 6282 3207 9496 
1 5 9347 3368 13299 3231 11366 
1 3 6377 3271 3326 
2 4 9347 6325 6349 3326 
2 3 3326 241 11360 
2 6 6469 6622 11346 9281 11264 11360 
2 5 3326 309 247 11388 6535 
2 6 495 6535 9509 405 3395 6377 
2 4 6469 6570 529 11494 
2 9 587 3547 11494 3423 9575 11531 11502 9559 6583 
3 3 11494 6444 6488 
2 4 11531 11547 11560 6488 
3 4 9517 6568 589 6488 
2 5 11531 563 3558 3530 9517 
3 2 9517 11499 
2 4 11499 708 3705 692 
1 3 692 11653 9515 
2 5 9517 3530 6542 6712 3692 
1 4 3692 3679 6934 9655 
1 4 9655 11638 6693 692 
1 3 11499 3690 9655 
3 5 495 3398 9547 3524 6488 
2 4 9515 3299 571 11544 
1 3 692 9652 707 
1 4 707 3688 6725 9515 
2 4 11499 9545 11529 11544 
2 6 11544 9572 11417 11445 3397 6488 
2 6 6488 3524 6549 9524 3561 425 
2 4 564 6513 3561 6524 
2 6 564 11431 9443 495 6469 587 
2 4 6377 11493 3355 564 
2 4 6488 3524 11533 564 
1 3 3535 11481 514 
2 4 3522 6487 6582 3535 
2 8 11544 9416 3474 482 6524 538 6501 3535 
1 5 362 9263 11343 11372 11288 
2 13 6521 11505 9496 537 6236 9387 9252 11260 11288 334 389 13342 362 
1 7 6296 3272 11312 3384 13346 395 6332 
1 4 6296 327 13657 3320 
3 20 3151 13294 14938 13412 3072 13431 6035 6086 9111 187 3101 3176 333 14839 6245 14836 3358 3259 13444 6380 
2 4 758 11710 9689 6734 
2 5 11805 3861 799 6924 9817 
1 7 6880 9765 3866 980 970 11768 11805 
2 3 6734 9686 11677 
1 4 11677 11692 6955 758 
1 3 9764 854 9824 
2 5 6906 9896 6817 3873 6966 
1 4 6906 6959 9889 4098 
1 2 4098 10024 
1 5 10024 10109 4065 11956 1176 
1 3 1176 11956 12038 
2 3 1176 7068 7198 
1 3 9979 10009 4182 
2 4 7183 13231 4182 7198 
1 2 7183 1048 
1 2 13231 10094 
1 3 7198 6744 875 
1 3 7183 1178 875 
2 6 9764 6812 6966 13223 3954 3816 
2 4 3816 9813 11821 915 
2 7 3938 9767 6993 9785 11766 813 3816 
1 7 3816 6878 6903 3902 11852 13233 740 
1 4 885 11852 13233 740 
1 5 3938 3794 9800 9846 11825 
1 4 11825 6936 903 885 
1 6 11825 4024 3920 726 3729 11707 
1 7 11677 11840 3725 3727 3918 918 11825 
1 5 11707 6749 9703 11688 740 
2 7 7183 4080 11749 6954 931 9925 13230 
1 5 9839 9917 11820 896 3938 
1 6 1176 4095 12083 9828 9778 13229 
2 4 11825 9846 13232 6867 
1 5 6867 13221 11756 9839 13230 
1 5 6867 874 845 889 9817 
1 6 13230 9877 3926 844 924 11805 
2 4 10024 1093 9903 832 
1 4 4098 1093 11884 832 
1 4 832 942 9757 6914 
2 4 875 3871 3810 6948 
1 5 6948 985 11780 6866 13230 
1 6 6948 6832 6800 13229 13224 3938 
1 5 3945 6879 9852 6914 3938 
1 6 6906 3799 871 7213 11737 3816 
2 4 6287 6393 3260 3325 
1 3 6364 6235 394 
1 4 11360 11318 9335 6336 
2 4 6469 3512 9363 6241 
3 7 6241 391 3211 9498 3262 6598 516 
1 3 391 68 3314 
1 3 6241 6286 6336 
2 4 11519 11562 9522 587 
2 6 516 13068 11519 6537 13356 3547 
2 5 11494 11470 11435 13365 6583 
1 2 6560 516 
2 6 516 3576 11483 6504 14002 454 
1 4 11548 3536 14003 11483 
2 4 11506 9534 6569 485 
3 5 11506 9561 454 11420 14777 
1 5 11548 9500 14777 485 9434 
3 5 9523 3549 9578 11563 9434 
2 7 3549 3534 553 11521 11535 3579 6449 
2 3 512 9725 9523 
2 4 3671 9492 6533 512 
2 8 11506 9523 6547 11463 3509 3495 527 9495 
2 5 3552 6572 9525 11508 9495 
2 5 3671 9492 9478 503 11465 
2 3 11465 9510 6536 
2 4 6657 655 3659 3671 
2 5 620 3626 651 669 3671 
2 7 9737 11565 595 11582 629 11596 3671 
1 3 595 3598 620 
2 6 6766 11702 6775 11720 9717 9737 
2 3 740 6756 743 
1 4 743 9710 6777 9737 
2 5 743 11697 11699 3749 6766 
2 4 6775 9734 9751 620 
2 4 9824 9853 3946 6960 
1 4 6766 943 9723 6960 
2 5 6960 9898 11877 958 11834 
2 2 11834 911 
2 3 911 3928 9909 
2 5 6788 3772 11891 13364 9909 
2 7 11834 958 11713 762 780 3589 6613 
1 3 3594 11593 6613 
2 6 3594 9607 11576 6648 3621 620 
2 7 6960 760 11709 3754 769 9748 3594 
2 6 3594 9609 667 9644 6518 512 
2 4 6613 11794 648 3652 
3 5 3652 3669 3506 11491 11506 
2 3 3652 9642 6698 
3 9 6949 3506 9490 3533 6531 9658 6698 698 678 
2 5 3558 549 9503 6529 678 
2 4 9503 1346 3629 11502 
3 4 14001 13011 11549 11518 
3 4 1346 11516 13462 13463 
3 8 11506 11518 6949 551 11732 14001 6545 13463 
2 5 3589 6784 6609 9745 6780 
2 3 6788 771 9741 
2 5 6780 11730 9741 776 3780 
1 4 6788 3773 6790 3780 
2 3 9620 6683 678 
2 6 3780 607 6635 636 9618 9620 
1 3 663 9638 9620 
1 4 663 13522 11640 3692 
1 6 663 11623 6680 6678 9633 11618 
1 4 9515 9681 3703 9665 
1 4 9665 11651 704 11666 
1 3 9648 15248 13379 
1 6 3673 6687 9679 13379 6690 11666 
1 5 9648 9679 9650 3684 9665 
2 6 3673 3674 6673 3657 6656 11584 
1 3 11584 628 6626 
1 3 6626 11595 6673 
1 3 688 3684 9665 
1 4 673 11634 3675 688 
2 6 663 11601 3641 9600 9584 3780 
2 3 603 3604 11584 
2 4 3780 773 3776 603 
2 6 673 11618 9630 11598 9598 603 
2 3 3776 11734 6606 
1 4 6606 6793 9582 11584 
1 4 3780 6790 9752 6606 
2 2 6606 782 
1 4 782 9924 967 925 
2 2 6788 6973 
2 2 9904 11751 
1 4 11833 6875 6862 11751 
1 3 11833 6946 6973 
1 4 9907 1616 6985 6606 
1 4 9907 9879 9750 6862 
1 6 925 6926 11790 9794 13415 9904 
1 4 6831 13416 9838 925 
2 4 11837 9784 6843 883 
1 4 883 6939 3966 6831 
1 3 819 11803 883 
2 2 11846 9904 
2 4 11846 923 9826 819 
2 7 12066 3901 10027 3968 851 955 819 
1 2 11998 11837 
2 6 9990 12066 12098 10027 9856 11837 
1 2 4014 4159 
2 4 4159 1156 3857 10074 
1 5 11773 11874 11824 9772 6891 
2 6 383 3307 6412 9362 6345 9279 
2 4 11380 11082 161 6050 
2 10 9279 11376 9300 9410 9251 9329 9406 6397 9393 11380 
2 12 383 6331 3286 3375 3063 6188 9209 9109 11188 11082 161 6050 
1 6 9279 11376 6120 11160 11327 11215 
2 4 6296 6360 6229 9483 
1 5 9262 13661 13878 3354 9483 
2 5 3320 9295 11342 11358 310 
1 6 341 7482 3255 265 14966 13260 
3 4 514 573 469 11542 
1 4 3583 9457 11467 6464 
2 3 6739 9692 3716 
2 4 11539 3484 541 3716 
1 3 11539 9551 9567 
1 4 11539 581 3550 3581 
2 6 6720 3716 11679 15258 9690 9660 
3 7 11666 13670 3700 6720 9676 15255 9660 
1 6 11581 9611 3670 682 6703 15254 
1 4 9627 599 13326 6626 
2 3 3654 6650 9627 
2 5 11581 3654 596 9646 9648 
3 6 619 3623 6670 11625 15254 9660 
1 5 619 6647 9595 624 11581 
3 4 11586 11580 3617 619 
1 3 9606 11787 3617 
2 3 3601 3592 11581 
1 5 3601 13252 13331 11564 599 
1 5 3601 6611 984 3974 3924 
2 5 3882 11832 13308 9906 9602 
2 4 11586 11583 6634 9602 
1 4 11818 3526 3833 3882 
2 9 4109 3988 1109 976 863 6930 3844 10163 11818 
2 5 9602 11887 13303 965 949 
1 9 9783 649 9769 6842 3819 3796 3952 3971 949 
2 4 949 3908 3937 6923 
2 7 6923 9862 13305 11842 3893 6895 9833 
2 2 3663 9617 
1 4 9617 11603 6677 9635 
2 9 9548 6761 744 3741 6747 9701 11652 9651 3663 
1 4 9606 3649 11657 6652 
1 9 6711 693 11622 676 11639 6709 13375 660 3663 
1 3 6711 3709 3696 
2 6 3696 11644 699 6716 684 9660 
1 3 746 713 3696 
1 5 3581 6586 11691 15247 746 
2 4 6332 13890 348 3288 
1 5 11127 11426 3152 567 83 
1 8 181 3120 126 13390 4640 11443 13396 11127 
1 6 9206 9100 3060 13400 13298 3151 
1 5 9206 6082 11056 9183 9073 
1 7 3320 13658 11391 6340 277 13651 11370 
2 4 3544 13894 9400 14941 
1 5 6558 388 11232 279 3324 
2 3 13205 9427 6464 
2 9 11479 9468 13263 6522 466 3410 11413 11398 9427 
2 3 3392 6546 11441 
2 3 3544 524 402 
2 4 3501 13070 11333 6103 
2 3 9458 507 9239 
2 5 540 3463 9484 6351 11471 
2 4 3369 11471 9239 6103 
2 5 6103 9239 6221 6270 9297 
2 3 3369 7239 9297 
3 4 6103 11374 221 271 
2 3 9297 11345 9315 
2 7 6103 11221 296 9322 364 11382 9315 
2 3 3369 6378 377 
2 6 377 3241 6301 3301 3205 6384 
2 4 9315 11382 9269 11297 
2 5 6384 6335 6399 11332 11218 
2 4 351 11299 11378 9392 
2 4 11218 9350 9237 6395 
2 4 9392 9383 3273 6395 
2 4 9383 6300 3150 11136 
1 4 9383 159 11306 9075 
1 4 11293 3359 3242 3379 
1 2 3242 385 
2 7 7394 9284 6313 9310 303 3342 11293 
2 5 11301 11247 13264 13389 3392 
2 7 6332 395 266 11386 11357 13413 11301 
2 4 3393 13206 347 11301 
1 5 3320 13657 9274 13388 3393 
1 5 11370 13671 11216 13266 9304 
2 11 3544 13532 11385 11274 13519 11301 14943 318 13267 6359 9304 
2 6 402 3521 6484 3559 9452 11441 
1 4 11479 536 6580 11441 
2 7 310 6459 3219 6326 6249 9323 11241 
2 6 6340 406 9341 358 6371 6249 
1 6 95 9098 11032 14962 79 13294 
1 6 11234 9287 3235 6264 14834 11349 
2 4 11370 294 11322 3331 
2 4 3331 11220 11290 306 
1 8 383 295 11070 69 147 3007 11184 6115 
1 7 9096 6151 9036 3094 9204 9103 6115 
1 9 6115 11078 9157 27 11037 3059 9170 6145 122 
1 4 11028 9157 11078 6115 
1 5 11028 9227 11206 9139 3022 
1 3 192 6055 101 
1 7 101 3095 11155 9226 9186 3104 9108 
1 11 9108 6083 6161 9220 11067 118 11185 6063 130 205 3108 
1 10 6050 9149 3182 11091 9117 49 9051 125 9035 3108 
1 7 11159 90 6057 11153 11059 70 6095 
1 11 3189 9195 94 6021 11175 155 11092 92 3033 9118 11159 
1 10 3189 86 3008 9162 3121 13324 6181 9201 11117 3134 
1 5 9073 11138 9056 9163 141 
1 9 11202 415 13397 592 9485 3388 10493 9240 9340 
2 12 6380 13446 3391 3327 401 335 11254 9272 6387 3362 13654 306 
2 5 11370 216 386 3350 6373 
1 3 6373 6344 9288 
2 5 6373 3378 13268 9289 3331 
1 5 11543 6435 474 3412 11441 
2 7 11479 491 11427 438 462 6429 476 
1 11 9481 11464 9533 3570 6593 11477 6556 6232 3203 3293 6373 
1 5 11479 6483 11411 11550 9548 
2 3 476 9481 11490 
1 5 3734 14773 3752 765 6783 
1 3 719 3760 3734 
1 4 3668 3682 13280 3672 
1 6 7661 7495 4458 7624 4463 3668 
1 7 1599 14784 6671 3658 14796 14797 3653 
1 10 7661 1536 4614 4477 1610 11674 14780 12309 14783 1599 
2 13 9417 13434 585 3587 6781 9709 735 9694 15130 11678 15152 6718 6733 
2 2 413 3527 
1 11 9417 13437 11418 11450 11459 11476 3540 6591 11412 11475 3527 
2 11 11397 15064 3531 11461 14570 14099 502 14572 14103 3479 6474 
2 6 3527 9552 9489 6432 15069 11541 
2 7 3580 558 15084 3492 9449 15078 418 
1 4 418 11397 15066 511 
1 7 11557 9543 11530 9519 559 15068 511 
2 3 525 14115 11490 
2 2 3335 3306 
2 10 3335 6252 11284 11235 11300 3263 6348 13673 6414 6380 
2 4 3580 9260 9328 9355 
2 5 9355 9411 11242 3292 6262 
2 7 6262 6396 6290 13447 6414 13674 6380 
2 5 11248 11379 11268 9282 3290 
1 4 3578 3426 9460 6328 
1 9 11408 9422 471 11436 9312 9339 14945 6369 6398 
2 6 9131 11107 2 11099 9122 121 
1 6 3140 11174 6095 9164 11068 14938 
1 9 3140 172 9107 3163 11083 81 9207 11189 9131 
2 7 6380 13674 301 3290 9235 6316 9311 
1 3 11344 3303 11375 
1 5 9258 9409 6382 6328 6492 
1 6 9258 9286 6391 11262 11394 11344 
2 8 6391 345 3197 6312 9373 11356 11243 6338 
2 10 9258 11269 11240 257 3196 3246 6226 15128 9243 11225 
2 8 11225 11348 393 3357 3330 6515 9420 12128 
2 10 13472 1278 13471 3289 4283 4324 3265 11256 11377 11225 
2 8 13471 13472 12117 10142 10329 12157 15119 9292 
1 6 1821 10133 12287 15122 1233 9292 
2 7 12128 3563 4322 1254 4294 7370 10253 
2 7 7243 4300 4374 4227 1314 12294 10253 
1 7 7375 11228 237 4758 12567 1821 9553 
1 11 7375 14172 14171 14170 9293 370 14195 3027 3139 272 6124 
1 13 6124 9370 6191 3103 3066 73 11075 9200 3135 143 11143 2996 9131 
1 5 12333 10510 10359 7563 7477 
2 5 3951 6808 9806 11784 11747 
2 3 3951 6871 11811 
2 3 9878 3983 3951 
2 6 9878 3876 11860 940 9755 6807 
2 8 6807 9763 9830 961 6956 11746 806 3889 
1 3 3325 3277 6364 
1 4 11366 332 399 3277 
2 10 7243 7600 7657 12329 7597 12397 14125 14129 10148 1459 
2 10 13423 6838 3787 6684 664 6686 11643 10466 13734 12189 
2 6 7642 4434 4621 1425 4406 7381 
1 5 7642 10135 12293 4390 4608 
2 4 10297 4412 7427 4424 
2 18 10297 1376 12215 7342 1291 12144 7236 4371 1337 4312 12201 1281 1308 4388 12220 12122 1427 7408 
2 9 7408 10250 10221 12173 10411 7572 7353 7492 1488 
1 3 12127 4336 1403 
2 4 1330 10154 10283 10344 
2 8 1330 12127 1417 12256 4626 4585 14645 1492 
1 7 1492 7469 14648 14653 12464 1082 4425 
1 2 1185 4075 
1 8 4075 12075 10075 12319 1522 4501 7446 1319 
3 2 1182 9998 
2 3 9998 7157 7087 
2 3 7087 12097 10125 
2 2 7072 11960 
2 5 10125 7187 4172 4142 11960 
2 3 7072 12031 7212 
2 3 7212 11946 1092 
2 3 1092 10052 11985 
2 2 11960 1136 
1 2 7072 1136 
2 8 1136 9985 10055 1167 7145 1191 7050 11985 
2 2 1025 7110 
1 2 7110 9950 
2 6 4102 1183 12006 11925 4164 7110 
1 2 11985 1025 
2 5 11960 4142 4172 7102 10032 
2 7 1182 4188 4100 7016 4118 1024 7169 
2 4 7169 12056 3848 6994 
2 6 1117 11930 4067 1063 9865 6994 
2 2 12007 1117 
1 3 12007 10128 10032 
2 5 10125 7187 10015 11989 12007 
2 5 1182 1097 11908 11989 12007 
2 3 3962 7532 10444 
1 3 10444 10512 12421 
1 3 6994 9859 3962 
4 4 4056 4086 1081 11977 
2 4 11948 10110 4126 11977 
4 4 11977 7204 7221 7125 
2 5 7125 9981 848 10083 6928 
4 5 7125 12040 11915 10065 4052 
4 5 4052 9790 912 11835 6981 
4 6 6981 3970 3839 3895 9885 11771 
2 5 11771 987 9781 11764 964 
1 5 964 3783 6851 1150 13745 
2 3 9843 11761 10068 
4 10 11771 6951 11815 9835 6837 11886 3900 1052 12043 10068 
1 6 10068 9969 11996 11980 7189 1069 
2 5 9843 4140 12026 7109 4190 
1 5 1069 12045 4071 7089 10000 
2 4 1519 4538 12062 4190 
1 3 952 9776 9843 
2 4 1069 4037 10043 7025 
1 8 11913 1146 10008 7094 11916 10040 9995 7025 
1 4 10076 12052 7014 14726 
1 4 10076 7120 996 11913 
1 5 7014 12076 14724 4042 7191 
1 5 9974 7058 1096 11991 7191 
2 7 4190 1188 1169 7074 1139 9958 10364 
2 7 10364 12012 7568 7580 9934 7167 4619 
1 4 4619 4631 9999 7097 
1 3 1628 14753 3992 
1 3 10062 7108 1047 
1 5 10364 4066 10098 4010 7025 
2 5 12068 1091 11959 7214 7186 
1 4 1047 12095 1120 9970 
1 3 9991 12010 11968 
1 8 11968 11929 9993 14659 12423 12395 12366 7455 
1 5 4644 7662 7565 10389 12338 
1 10 7455 10349 10389 10443 4616 1609 10077 14646 14649 4245 
2 6 10077 4644 7593 7537 4544 4516 
1 5 12307 12035 1444 7220 4062 
1 6 10060 1101 4104 4062 14646 4245 
1 5 10001 11978 12462 10116 10060 
1 5 10001 10255 4237 1228 7340 
1 5 7340 4280 12114 4472 8087 
1 6 10278 12180 10152 1430 4321 7340 
1 4 10278 7436 1268 10246 
1 2 4416 7265 
1 4 10278 1344 12734 8011 
1 5 10246 4416 1409 7288 1321 
1 8 10278 1344 12734 10808 8067 7363 10274 7447 
1 4 7447 7391 10190 7244 
1 4 8011 8100 10208 4278 
1 4 8011 8100 4414 10756 
1 4 10756 10259 5104 8087 
1 6 10278 1344 7310 12779 10296 10756 
1 4 10756 10259 5104 1359 
1 3 8087 10324 1359 
1 7 1359 12142 4353 14611 10270 14613 1349 
1 9 4278 12105 7250 12295 10210 12182 12269 14610 1349 
1 8 9975 14621 11952 7150 4187 14614 7013 1349 
1 5 4516 1569 2005 7938 5040 
1 3 5040 5055 12137 
1 4 5040 4045 2036 12137 
1 3 4516 10751 9973 
1 4 9973 4299 1377 12137 
3 4 12137 5086 10794 2086 
2 6 2086 2032 10729 12822 12005 10887 
1 7 2086 12868 2002 10772 10066 9084 10887 
1 3 10887 9084 8007 
1 3 3456 10108 4110 
1 3 4110 7084 10735 
1 3 10735 8098 5105 
1 4 10735 1971 10898 8007 
1 4 10887 4979 8022 12763 
1 5 9975 14622 7207 4132 14605 
1 7 7220 1059 1538 10428 9946 7574 10401 
1 5 10401 12420 4557 4883 10030 
1 6 10030 7430 7060 4072 14614 14604 
1 6 10030 4950 11995 4953 5096 5040 
1 3 7260 7344 10201 
1 4 5105 8013 12761 5075 
1 2 2097 3795 
1 6 4111 4550 1056 7140 12473 13613 
1 2 4111 792 
1 4 1065 1201 4206 13595 
1 3 7170 1074 4111 
1 6 4115 4017 4591 4574 7151 7170 
1 3 4088 13595 1086 
1 4 1155 12049 4073 7011 
1 6 12758 10835 2095 2027 12101 4115 
2 3 9833 11829 11811 
2 4 4345 4417 10320 7433 
2 10 7433 1284 12291 4362 7379 4432 1424 7304 7644 7361 
2 8 4345 4417 10320 10174 12221 1282 4342 4285 
3 3 4345 4270 3778 
2 8 3775 6797 9580 11567 3605 6625 4270 4345 
2 13 9450 6713 11641 11685 9684 6769 11669 9724 9711 722 11695 3763 3775 
3 6 3778 3635 3661 9634 6676 6510 
2 13 6510 9467 12278 12582 602 777 10718 4775 7899 1769 4875 4426 4872 
2 12 6510 9480 1299 4869 1782 10718 7794 13094 11571 4875 4426 4872 
2 3 12603 10611 4739 
2 5 4739 9669 6726 515 3010 
2 7 4872 12688 3721 12593 12663 3481 4739 
2 5 12603 1788 3721 12688 4872 
2 5 12603 10611 11440 10684 7787 
1 7 7787 4765 4877 4343 7853 1858 1408 
1 8 3010 6754 1347 7761 1737 7853 1858 1408 
2 4 1408 4428 10157 7315 
3 3 7315 12214 10327 
2 4 7315 7386 10271 12211 
2 2 12603 4759 
2 4 4759 10709 1752 3719 
4 4 3719 10618 6752 1866 
2 2 9450 12357 
2 8 12357 9657 926 1760 10526 3699 1719 1866 
2 6 1866 4807 4664 10341 12456 12357 
2 9 9450 12368 6737 11589 1560 10341 4664 4807 1866 
1 7 9450 6713 11641 695 691 11656 6710 
2 7 6710 9724 9711 722 11695 749 11654 
2 5 9450 6713 9654 11637 689 
2 4 689 3685 9825 6890 
2 5 6890 882 3687 6707 11654 
2 4 6732 3906 11830 9832 
2 8 3878 6911 3806 11665 10381 11662 7345 4345 
2 4 9832 6909 9847 3878 
2 2 3878 6882 
2 3 6882 3863 6845 
2 3 6845 3824 6984 
3 2 6984 3957 
2 5 3957 873 3823 11841 10412 
2 8 6845 6869 11785 9804 847 3850 880 11800 
2 4 6855 827 9808 11800 
2 11 9450 6713 9653 870 11791 3872 659 3853 6874 9808 11800 
2 6 1595 9796 831 11776 11760 6855 
2 2 1595 4527 
2 11 4527 4601 9775 9760 7528 3975 801 9923 6823 6929 3957 
2 6 12211 3513 12183 7865 12553 9616 
2 6 1866 9880 7536 12577 12646 12586 
2 9 9450 12312 11589 10478 7306 12418 11788 10666 12586 
2 6 12586 7852 3855 3613 4760 4723 
2 9 9450 12368 6737 10393 7539 1586 1678 9892 12586 
1 6 1595 4531 4437 10461 9682 9450 
2 10 11654 734 3733 3702 9708 1436 9693 3806 6911 3878 
2 4 6696 1881 10448 1595 
2 4 6696 12709 12568 9727 
2 3 4527 1445 9727 
2 4 1572 12381 1480 11975 
2 6 1843 9834 10489 866 12439 1572 
2 3 1572 1584 7388 
2 6 1572 12353 1433 12470 10492 12384 
2 3 12735 7422 492 
1 4 12384 7583 860 492 
2 3 492 10520 7480 
2 3 7552 7524 4464 
2 3 7552 1453 10449 
2 4 7552 1453 1643 1528 
2 5 1528 12401 6968 9829 3960 
2 4 3960 10861 10504 10337 
2 6 10337 1500 12313 4507 4535 7552 
2 5 10337 12410 4884 2042 6785 
2 4 10337 12341 1927 12782 
2 5 3960 7981 5022 1927 12782 
2 3 6785 12369 5015 
1 3 5015 10769 12835 
3 5 12782 6987 5061 2060 12835 
1 2 8097 10740 
2 3 12835 7973 8003 
2 3 8003 10916 10830 
2 3 10830 12745 8097 
2 6 12782 2019 12728 5038 10894 10740 
2 4 5021 2083 12721 12835 
2 3 1965 2011 4956 
1 2 4956 5021 
1 5 4956 2083 1952 12721 12835 
1 2 4956 10172 
1 4 1965 2011 2008 10172 
1 4 10172 12804 10853 8003 
1 4 1965 12755 4887 13089 
2 2 3834 853 
2 5 3834 7920 5044 12791 10740 
2 4 4908 4977 1945 8057 
2 5 13089 12746 12873 10895 8057 
1 3 8032 2051 13089 
2 4 12753 8236 10773 12810 
1 3 12753 10842 10886 
2 3 3960 9829 5001 
2 6 5001 7485 12458 12489 4444 1646 
2 3 7202 1547 11975 
1 4 10412 3925 11738 788 
2 5 7202 10029 7012 4491 7138 
2 7 12384 638 10394 1485 4653 4491 7138 
1 9 7202 7012 7134 11927 7083 7045 11783 6943 788 
1 4 1132 4168 6943 788 
1 4 7138 7083 12054 1132 
1 5 10412 9931 12445 10081 7138 
1 3 4464 7668 7480 
1 5 3957 951 11873 10343 7646 
1 5 7646 7466 4627 12637 9727 
1 3 9727 1582 913 
1 7 7622 10498 7451 10374 4476 7546 1550 
2 3 8252 5051 12798 
1 3 913 7791 10909 
2 3 12384 5090 10909 
1 4 12735 12803 968 10909 
2 4 12735 10192 10824 12501 
2 4 12501 1987 10615 7797 
1 2 1646 7797 
2 5 12735 1587 10753 7464 7797 
2 4 10449 10410 4510 1646 
2 4 6696 6974 12670 12501 
2 6 1595 12437 1604 7626 12305 4569 
2 7 4569 12305 10457 12497 7611 9682 9450 
1 4 4569 1621 12361 10717 
1 3 10717 1564 1534 
1 5 4569 12346 12463 10370 1534 
2 5 4569 4449 4540 4625 7797 
2 5 14941 584 13205 506 11467 
1 9 362 389 3324 3295 6401 548 11492 14940 3544 
2 10 9450 12368 6737 10339 1527 4590 7449 7607 12361 10717 
1 7 1866 9880 1867 12667 12620 3750 1747 
2 8 4723 10640 10711 1815 12651 1851 12585 4860 
1 3 4860 10593 10624 
2 4 12211 3513 4328 4274 
2 5 3588 6665 3471 10151 4274 
2 4 4274 4347 4331 3588 
3 3 3588 9697 9713 
2 4 9671 3677 6699 9713 
3 5 9713 6699 6694 6876 4518 
2 4 4518 9911 941 10387 
1 3 10387 10483 9814 
1 4 9814 11757 7517 1562 
1 3 1562 12374 7986 
2 3 7986 8115 853 
1 4 10387 12303 4727 7986 
2 7 10327 12673 12124 3781 6742 7779 4860 
2 11 4860 12572 4857 7880 1767 6722 12566 1836 4772 1752 3719 
2 4 10624 4863 7883 4759 
2 8 10327 1690 1832 4838 1854 1857 10593 10624 
2 5 10717 7834 1352 7892 4740 
2 4 1534 9802 4811 4740 
2 3 1534 2043 1806 
2 6 3960 2082 8025 5103 1618 1806 
1 3 1806 7904 10798 
1 3 10798 11802 4740 
2 5 3960 9920 5085 3875 3972 
2 3 10798 10702 3972 
2 5 4740 11802 7762 2055 3972 
2 2 3972 9908 
2 5 9908 12624 4586 10340 4740 
2 6 9908 12893 10867 8070 3867 10740 
2 4 10740 12791 3883 4975 
2 3 4975 10642 12627 
2 5 4740 10340 4586 1738 12627 
2 3 12627 10588 1827 
2 10 10717 7834 4757 12513 1753 10532 4871 12570 12642 1827 
2 9 10717 7834 1352 7892 12024 4814 4586 1738 12627 
2 3 1827 7780 4723 
1 3 853 1793 11814 
1 4 11814 4799 4657 10387 
1 4 853 7747 6897 10573 
1 4 10573 10645 12552 4975 
1 4 10573 7821 12765 11814 
1 9 12627 9792 868 1658 6887 1756 4742 10662 4865 
2 8 4865 10651 12573 12699 850 4799 4657 10387 
3 9 4865 10651 10591 7827 4736 10422 11698 710 9713 
2 3 4865 10582 12535 
2 4 12535 1789 10556 9616 
2 6 12535 7888 12633 12561 10640 4723 
1 4 1814 4804 12617 12604 
2 8 1814 4804 12617 7783 1713 7887 1565 4543 
1 4 1814 4804 7692 1801 
2 4 2197 5195 2203 2211 
2 5 7798 4776 12932 12924 12910 
2 8 7798 12576 7755 1667 10455 10682 12435 12406 
2 10 7564 7535 7522 4481 12308 7651 10487 10460 4560 7566 
1 4 1454 12104 1431 7669 
1 4 12364 1555 4573 7621 
1 5 12364 10402 12394 12409 1639 
1 4 12364 10402 12394 10418 
1 7 12364 12351 10390 8208 5184 12970 8215 
1 3 8215 10992 650 
1 2 650 8222 
1 4 650 5191 8194 5228 
1 4 5228 11000 5171 12994 
1 3 12994 8217 5131 
1 4 650 8229 8251 5121 
1 3 1639 12494 10935 
1 3 12364 12351 7500 
1 3 7500 10985 12942 
1 5 8187 10943 12453 10515 12364 
1 6 8187 8238 2173 14251 14253 2152 
1 5 10362 12496 1613 1626 4604 
1 6 7500 5163 10975 8255 5143 8216 
1 3 5131 2174 12930 
1 6 12930 10987 5229 2224 10965 8216 
1 3 5230 8157 12930 
1 4 5230 13195 10952 13086 
1 2 2210 2182 
1 2 4589 10447 
2 9 4604 4589 7594 1542 1529 5156 8181 7553 10947 
1 2 10513 5112 
1 4 10513 10432 5172 10980 
1 5 10980 8190 12996 2153 10999 
2 4 10980 12334 8148 7476 
2 8 10513 10947 12972 5186 12937 2181 10959 8189 
1 3 5186 7636 12977 
1 2 10946 8143 
1 4 10998 5182 10967 5168 
1 2 5168 2227 
1 2 2229 10963 
2 6 1509 5203 14536 14541 7605 10963 
2 3 10697 14399 1509 
2 6 10697 14551 4822 14549 14374 4696 
1 6 10400 14441 14446 14433 2213 14428 
1 3 1468 14392 7576 
1 3 4696 14368 1833 
1 6 10400 14444 2171 14442 14440 8245 
3 3 10697 5231 14404 
2 5 10963 14464 4879 14538 14468 
2 4 10929 14496 14485 2120 
2 4 10929 14495 14494 14488 
1 6 14404 14414 14418 14428 14450 8214 
1 5 5199 12504 14501 191 14502 
1 7 8214 10525 14473 1874 14488 7872 5199 
1 3 10968 12925 5117 
1 5 2196 8205 12911 10932 8144 
1 3 5160 10860 1939 
1 4 1939 5196 14519 5210 
2 3 7011 10005 11964 
2 4 7011 10073 7164 4076 
2 2 7011 3996 
2 4 3996 4055 1068 10031 
2 4 10031 7144 11974 12044 
2 5 11999 1064 12071 1151 12044 
2 4 8105 10745 7989 2046 
1 3 2046 2003 12725 
2 3 2046 12881 12806 
2 4 11921 4129 7162 7180 
2 2 9994 11969 
2 2 12051 7081 
2 6 7081 1160 4163 1046 7180 11969 
2 6 12051 7065 13077 4131 11939 1145 
2 5 1145 9964 12760 11923 7132 
1 6 7132 4150 7008 12018 7958 4933 
2 7 7132 4116 989 1111 4097 11987 7100 
1 4 7100 1194 10113 9945 
2 3 7100 10070 7069 
2 4 7069 10023 4139 4108 
1 4 8124 7980 13239 5010 
1 5 4948 12710 13944 8015 2012 
1 6 2050 13905 12900 2025 1969 4972 
2 4 9570 6462 9511 11467 
1 3 3458 6511 3544 
2 3 9817 11673 6734 
2 4 3522 9238 9294 11305 
2 7 2086 2054 1908 4984 10847 1980 4110 
2 7 2086 2054 1908 4149 12886 1103 9975 
2 9 5040 7938 10332 10471 1637 12452 7593 4204 14646 
1 8 3022 6038 3111 11049 3162 11052 46 3108 
2 6 3569 6562 3414 3583 9567 6464 
3 5 3569 557 3718 6739 11666 
3 5 11542 9429 494 3553 3569 
2 3 1965 8089 12810 
2 4 4908 10765 8012 3834 
2 2 7859 12435 
1 9 12406 7520 10388 4478 4658 10500 12451 10430 7564 
2 4 8186 5225 10925 12910 
1 10 12406 1537 10427 12377 11019 2114 8249 5211 5225 8186 
1 13 8186 10927 8165 5197 12948 2191 10969 8200 10949 1526 10983 2157 1652 
2 9 957 13717 13423 13380 13374 13373 13806 13756 10433 
1 5 4572 11744 13681 13682 10433 
2 5 11771 11808 916 4642 4572 
2 8 12189 13429 7672 13427 7801 10655 4725 13701 
2 28 7763 13701 13699 13709 13710 13713 7851 12543 4832 12556 10574 13730 12641 1672 13729 13865 4705 13866 1696 13873 7816 10528 13871 4837 1762 14703 14705 4797 
2 8 3585 6418 9421 9541 543 6552 9527 6739 
2 4 11542 6440 3418 3585 
2 4 3474 11404 6470 3585 
2 3 9315 6318 6384 
2 5 9315 9379 9332 11270 351 
1 4 12051 9976 12034 9943 
2 5 6583 9418 9444 3516 516 
2 5 516 3516 13081 9472 13011 
1 19 14093 3505 3489 509 500 11459 9488 13436 14106 6505 14576 14575 14573 3491 9531 15065 15067 14948 418 
1 8 3529 3555 3582 9436 11485 3539 9564 11408 
1 4 952 1489 13801 11752 
1 6 4112 6992 3927 10041 11907 12016 
1 6 6912 11778 9921 928 11848 4112 
1 5 928 11898 11796 6945 9878 
2 4 9893 9823 11871 12416 
1 3 1052 900 6969 
1 3 6969 3955 952 
1 3 7101 10517 7097 
1 4 7199 7172 4083 3992 
1 6 10775 13248 4995 2063 14530 12991 
2 6 741 14138 11686 565 9716 3741 
1 8 3757 14141 3575 6597 409 3452 15318 458 
1 5 9206 11162 3050 6150 3187 
1 5 141 6078 9104 3125 6146 
1 9 9108 6165 6125 9147 11125 11164 11081 158 11121 
1 14 9753 6620 11429 9455 6486 6516 6541 3517 6479 499 6601 9432 11523 3578 
1 6 10364 1004 1603 5092 7406 7418 
1 10 10137 10309 4379 1302 7280 12297 4397 10016 11936 1185 
1 6 4401 12232 10232 12204 1285 10162 
2 8 6380 13445 9378 9278 6356 252 14935 121 
1 7 13444 11282 9302 366 11326 14833 11349 
2 10 10433 13678 13372 13309 13371 13776 13370 13515 13369 13368 
1 2 11815 11764 
1 3 4958 7560 4482 
1 10 12333 7491 10357 4482 14186 14187 9605 14192 14197 1573 
1 5 1459 7682 14157 4629 10671 
1 8 756 1632 7639 14204 14197 14190 14199 10671 
1 5 6724 14015 14017 14018 9680 
1 9 3686 13420 13258 14016 6724 14023 6771 11700 6596 
1 6 14134 3399 429 15297 15325 9571 
1 11 9417 13438 13435 6445 14101 6493 3479 14102 14575 14103 14573 
1 2 14015 9677 
2 10 9131 9199 75 72 9130 3130 11171 13358 13357 3338 
2 11 3392 11528 6415 560 11285 215 13660 3203 6319 13655 9288 
2 5 9304 3309 6306 13315 11528 
2 7 3384 9327 266 9398 11245 13345 6402 
2 3 9361 9277 9252 
1 17 11294 3356 9313 6315 6262 11347 3236 382 11300 11369 11254 11384 6303 11349 14837 11315 333 
2 9 11248 269 9376 3257 6284 9276 3371 11309 9286 
1 8 11344 9298 9360 6362 3339 214 11217 9235 
1 6 6124 6171 9114 11025 3102 186 
1 4 1821 307 14908 12106 
1 8 13342 13889 13344 6347 13348 13533 6259 3544 
2 5 6332 13343 6402 3380 13342 
2 6 13345 9346 6375 9372 13892 266 
2 5 9496 3473 11478 3532 6558 
1 3 6595 9535 514 
2 3 11445 3500 3561 
2 3 6582 425 6487 
2 4 9355 9384 6411 3335 
1 6 413 11396 9579 3554 457 3580 
3 3 9658 9505 6545 
3 3 11516 11488 9658 
2 5 476 6455 14194 3407 577 
1 8 511 15061 6507 9433 15315 6423 15313 11437 
1 4 3844 966 9837 13235 
1 11 717 14768 3717 6738 735 15129 15154 11696 15132 9726 9709 
1 6 12128 12298 1210 13510 4261 10224 
1 6 10312 10284 12229 10213 15118 9292 
1 9 3563 3502 11510 9526 11537 9549 6574 3551 6601 
1 16 306 3210 6243 352 9301 11284 6365 300 9366 3292 212 3250 3199 6230 9394 9245 
1 4 9429 583 421 6562 
2 4 11542 9421 6592 9555 
1 3 6362 11295 3370 
1 5 3370 280 6269 6247 3116 
2 7 9311 3370 3268 6392 6295 14931 11375 
1 4 9461 9476 3519 11476 
1 11 418 15075 9556 6554 11541 15063 11487 14577 14104 14575 3479 
2 8 11437 453 14134 15309 15310 3466 15311 3479 
1 7 13259 11683 14109 574 9573 6451 3452 
1 6 9485 9221 13880 6099 11057 11127 
2 7 11202 6324 3310 3333 222 341 310 
1 3 9893 13613 3889 
1 2 11810 11746 
1 4 1065 13606 13592 7170 
1 3 6278 6388 4400 
1 7 9435 14143 9451 11424 11438 458 488 
1 6 187 9333 11224 9242 248 11234 
1 9 187 110 11191 9212 11109 3089 95 11097 11202 
1 13 187 9177 11084 150 3143 6056 6167 6101 14936 121 3220 3116 3190 
1 7 9286 324 3317 286 3276 6302 6226 
1 12 3289 12172 13504 403 6352 11281 15172 6404 15171 11319 9338 3276 
1 6 3417 6417 426 14094 13434 13433 
1 8 3417 9415 6468 11400 9459 11447 498 3529 
1 7 3527 6553 6428 3566 6587 11408 14946 
1 3 14093 9504 3529 
1 4 6733 9647 13276 9628 
1 6 6507 6495 559 6605 11425 6508 
1 6 11461 14571 11452 9479 6578 511 
1 7 3480 15086 11489 582 9543 11454 458 
1 5 9461 6505 14102 6493 6474 
1 13 11543 6520 14005 535 6579 11285 13313 11341 9304 9359 6413 13656 3320 
1 8 525 14117 3543 441 13887 6593 3470 11543 
1 3 7639 14202 12722 
1 8 1468 14407 14403 14401 14406 14402 12648 14404 
1 9 12589 14361 14365 14362 14367 14548 14370 12547 4696 
1 7 10400 14445 14439 14431 14419 14411 14404 
2 5 413 6317 14945 9367 11381 
1 7 6338 260 9336 228 6323 14164 4400 
1 4 3187 3133 9181 6210 
1 2 11125 3193 
1 2 11125 124 
1 6 11121 195 66 3172 11065 6013 
1 2 6013 11126 
1 3 6138 3119 9166 
1 3 3025 32 169 
1 2 32 3117 
1 4 3083 9094 11172 3025 
1 5 11105 6108 11211 9194 3083 
1 9 11105 6144 9167 3137 3025 6138 9038 6013 3122 
1 2 6144 6009 
1 3 9073 67 9167 
1 2 11056 3061 
1 3 3161 13467 9073 
1 7 9105 3050 52 3131 3013 11043 9163 
1 3 3151 13398 13399 
1 5 9485 6408 308 11291 3174 
1 4 308 6381 496 3152 
1 4 9340 13518 6222 13260 
1 6 11358 9246 9438 9357 14968 6229 
1 3 9357 9404 9295 
1 3 3388 9501 9317 
1 2 772 14797 
1 4 310 7482 10323 9340 
1 5 12320 14009 6997 4755 1896 
1 4 12320 3564 14802 12441 
1 3 683 14811 700 
1 5 9647 15144 14810 15142 3672 
1 8 6733 15145 13272 15146 11632 683 15143 15142 
1 3 3760 14772 14773 
1 3 14773 6755 750 
1 3 3587 3765 765 
1 3 3417 775 6781 
1 2 6781 6768 
1 4 3734 14771 6768 9709 
1 6 11693 15153 11661 731 15152 11633 
1 3 957 13716 9926 
1 6 14867 15197 10580 10712 15218 7815 
1 4 7757 14890 4665 1369 
2 3 7789 14909 4789 
1 8 12594 11410 14854 1794 14864 4734 14882 7274 
1 2 4803 1794 
1 3 12679 4806 1797 
2 11 10696 14885 1709 7800 4780 12521 15235 4209 1387 14918 4824 
1 5 4824 10189 1543 9553 12567 
1 6 14157 14155 14156 12581 14159 2058 
1 2 14159 14149 
1 3 12581 14205 14159 
1 2 14129 12640 
1 3 12229 4411 14077 
1 3 11228 1754 14176 
1 6 10133 7320 3280 361 12216 7375 
1 2 11377 9271 
1 4 470 6430 9447 499 
1 6 3477 353 11308 11449 3426 578 
1 2 13258 705 
1 6 11405 14096 15301 9419 15302 11561 
1 7 6727 6743 14137 9683 14139 741 14140 
1 4 6743 14136 3704 6706 
1 5 11670 9698 11703 11546 409 
1 2 11543 6557 
1 9 14194 414 6600 11705 9576 3757 14140 14113 11670 
1 4 3757 14142 9435 476 
1 4 14115 504 9465 11438 
1 2 6497 11490 
2 6 10562 7713 4818 15202 14892 12691 
2 11 7274 14895 4866 14903 4789 14897 7757 14894 14898 14904 15206 
2 9 10696 14880 12546 12679 1733 1860 7825 14887 7274 
1 2 7317 4685 
1 6 1292 14893 13475 1327 13476 9292 
1 11 14885 10568 14879 14886 7874 14891 1294 15233 14888 1775 1292 
1 6 9355 11368 11214 384 356 3346 
1 3 457 11244 11283 
1 5 11248 11314 283 214 9311 
1 3 9360 6299 14931 
1 5 11344 11277 3352 6374 6312 
1 5 11243 11292 9354 392 9338 
1 9 6380 13445 9378 11362 9356 11338 6269 9267 6358 
1 4 9245 9273 11294 11248 
1 9 9258 6248 6291 9324 6329 275 11258 314 11294 
2 11 525 11557 6458 11489 6508 9477 13318 13319 9542 580 3580 
1 7 580 11526 6543 6481 15080 15077 418 
1 7 11397 15072 501 15082 3520 15085 9542 
1 4 3306 6386 6304 580 
1 4 3306 6330 6254 9542 
2 8 9288 9342 11298 11325 371 398 3364 3335 
2 7 6508 15088 15089 6589 15090 13884 9288 
1 7 11325 315 238 3225 11553 6565 9477 
1 2 6565 9566 
1 2 3668 9645 
1 6 3521 3458 6416 11430 13893 13205 
1 5 13206 400 3254 6281 13388 
2 4 402 290 11247 11301 
1 4 3392 11466 9544 3521 
1 3 402 11274 14942 
2 6 11247 13316 318 3366 6413 6340 
2 4 149 6174 79 14938 
1 4 3354 13877 6342 13260 
1 3 9097 149 13294 
1 2 3120 11186 
2 7 6174 11080 181 6139 3053 14937 11202 
1 7 11234 207 9353 11259 14963 9275 341 
1 6 387 207 9331 11304 9319 95 
2 4 11234 387 14961 6249 
1 5 3072 14090 117 11072 11109 
1 2 13398 14939 
1 8 9508 493 14954 9439 9532 14953 3460 6558 
1 8 3497 11430 11532 14941 9508 13895 11492 9400 
1 3 584 3586 13893 
1 3 11385 14942 13519 
2 9 3392 14944 3412 513 572 6557 6509 3457 9533 
1 4 9481 6480 14143 14144 
1 3 11241 323 387 
1 3 11241 13448 11290 
1 3 3331 9241 11241 
1 5 3492 6517 11439 15071 11541 
1 7 3335 3226 6305 236 3278 9351 306 
1 2 502 3491 
1 6 14102 14574 9446 13312 14025 11450 
1 3 6428 9529 6528 
1 2 9564 544 
1 13 6506 3518 6563 11551 433 14946 6492 3304 313 340 11351 11381 9245 
1 5 6328 6353 3332 367 11351 
1 2 3551 452 
1 6 3893 11905 11774 9930 3936 11818 
1 3 9902 9888 13305 
1 3 9888 6814 9862 
1 3 649 9612 6842 
1 3 9612 6658 9617 
1 6 9651 11636 6706 6729 723 9716 
1 5 9716 11534 6584 744 3741 
1 2 9701 6729 
1 3 6677 674 9651 
1 6 3630 6652 637 3639 3636 9617 
1 3 14142 14144 6597 
1 3 3520 15083 6543 
1 3 6557 9454 491 
1 4 6509 3511 14947 6593 
1 3 9481 13883 9533 
1 3 3430 462 6509 
1 2 3393 3366 
1 6 11396 6477 3318 3346 3376 212 
1 4 3554 302 328 384 
1 2 212 6315 
1 4 9273 9394 6398 3346 
1 2 11072 9098 
1 4 6380 13444 14832 11236 
1 4 9144 6203 3143 3035 
1 2 11315 226 
1 4 6451 15306 11561 6423 
1 4 6522 11507 6499 3410 
1 5 6222 6342 15111 3194 3296 
1 8 1599 14784 9702 14793 12441 14010 10472 13528 
2 5 6522 13262 3434 6604 6586 
2 7 6586 3565 11520 6751 3731 716 9660 
1 6 11550 9425 6571 13440 3548 6586 
1 4 6483 6431 11536 3548 
1 8 13368 15157 13691 13696 13700 13855 13703 13730 
1 7 4797 14707 15185 4815 15196 10549 10562 
1 5 12691 4724 14910 7815 15206 
1 4 14570 14097 14133 453 
1 4 6776 15295 15328 15297 
1 5 15324 15292 3767 15325 15328 
2 6 6420 14579 6776 14581 6474 15311 
1 7 6596 15324 14814 15298 15303 11405 453 
