1;2770.00;10.43;1551.00;small
1;2801.00;10.10;1559.00;small
2;2744.00;11.30;1564.00;small
2;2773.00;11.38;1600.00;small
3;2745.00;11.82;1645.00;small
3;2730.00;13.20;1680.00;small
4;2694.00;9.98;1602.00;small
4;2673.00;10.05;1574.00;small
5;2879.00;10.03;1529.00;small
5;2894.00;9.60;1561.00;small
6;2967.00;9.70;1631.00;small
6;2945.00;9.70;1573.00;small
7;2975.00;11.23;1493.00;big
7;2929.00;10.90;1520.00;big
8;3034.00;9.75;1585.00;big
8;3058.00;10.23;1547.00;small
8;2995.00;9.78;1555.00;small
9;3122.00;9.62;1741.00;small
9;3232.00;9.50;1735.00;small
10;3056.00;9.50;1717.00;small
10;3026.00;10.70;1679.00;small
11;2930.00;14.32;1734.00;big
11;2971.00;12.70;1794.00;big
12;3228.00;10.70;1924.00;small
12;3330.00;11.05;1927.00;small
13;3238.00;9.70;1814.00;big
13;3180.00;9.60;1767.00;big
14;5046.00;11.20;1890.00;big
14;4818.00;13.03;1713.00;big
14;4683.00;10.00;1801.00;big
16;2798.00;9.50;1777.00;big
16;2821.00;9.50;1650.00;big
17;3452.00;14.28;796.00;big
18;2754.00;9.50;1514.00;small
18;2840.00;9.50;1556.00;small
19;2850.00;9.80;1496.00;big
19;2896.00;10.43;1482.00;big
20;2826.00;10.00;1407.00;big
20;2887.00;10.73;1414.00;big
21;2950.00;10.65;1435.00;big
21;3041.00;12.30;1465.00;big
22;3032.00;11.45;1510.00;small
22;3117.00;12.15;1490.00;small
22;3080.00;10.48;1500.00;small
23;2991.00;11.12;1389.00;small
23;3045.00;9.88;1329.00;small
24;3125.00;11.57;1375.00;small
24;3057.00;10.62;1418.00;small
25;3224.00;9.80;1347.00;small
25;3152.00;10.45;1312.00;small
26;3228.00;10.30;1396.00;small
26;3182.00;10.30;1414.00;small
26;3184.00;10.57;1368.00;small
27;3170.00;13.15;1452.00;small
27;3096.00;9.80;1456.00;small
28;3510.00;9.60;1183.00;small
28;3396.00;11.48;1234.00;small
28;3359.00;9.50;1166.00;small
29;3121.00;9.50;1237.00;big
29;3029.00;9.50;1248.00;big
30;3353.00;9.50;1428.00;big
30;3260.00;9.50;1382.00;big
31;4030.00;11.15;936.00;big
31;4025.00;10.45;816.00;big
32;1245.00;9.50;119.00;big
32;1155.00;9.50;410.00;big
33;392.00;9.70;1956.00;small
33;177.00;9.50;1807.00;small
34;1463.00;9.50;1067.00;big
34;1544.00;9.70;1006.00;big
35;1747.00;11.88;317.00;big
35;1727.00;12.00;128.00;big
35;1900.00;9.70;305.00;big
35;1910.00;10.38;447.00;big
36;2027.00;12.98;1975.00;big
36;2154.00;9.88;1930.00;big
37;3172.00;10.40;1645.00;big
37;3213.00;10.35;1688.00;big
38;3090.00;9.93;1577.00;big
38;3139.00;10.20;1592.00;big
38;3120.00;10.48;1547.00;big
39;3178.00;12.93;1494.00;big
39;3197.00;10.50;1532.00;big
39;3143.00;10.45;1521.00;big
40;3654.00;9.80;1687.00;big
40;3543.00;9.80;1702.00;big
40;3647.00;10.00;1616.00;big
40;3562.00;9.78;1639.00;big
41;2784.00;14.55;1328.00;big
41;2767.00;12.93;1366.00;big
41;2818.00;11.28;1359.00;big
42;2702.00;9.50;1413.00;small
42;2735.00;9.50;1437.00;small
43;2642.00;9.50;1523.00;big
43;2610.00;9.50;1665.00;big
44;2294.00;9.50;1931.00;big
44;2414.00;9.50;1852.00;big
45;2650.00;9.50;1933.00;big
45;2877.00;9.50;1939.00;big
46;3186.00;9.50;2023.00;big
46;3464.00;9.50;1939.00;big
47;2588.00;9.50;1347.00;big
47;2532.00;9.50;1241.00;big
48;2527.00;9.50;1047.00;big
48;2616.00;9.50;1172.00;big
49;2307.00;9.50;1671.00;big
49;2431.00;9.50;1506.00;big
50;2078.00;9.50;1765.00;big
50;1867.00;9.50;1978.00;big
51;2191.00;9.50;1473.00;big
51;2321.00;9.50;1332.00;big
52;1351.00;9.50;1255.00;big
53;1643.00;9.50;1179.00;big
53;1848.00;9.50;1095.00;big
54;1778.00;9.50;1570.00;big
54;1701.00;9.50;1492.00;big
55;1868.00;9.50;1583.00;big
55;1875.00;9.50;1693.00;big
56;2089.00;9.50;1303.00;big
56;2034.00;9.50;1461.00;big
57;1804.00;9.50;1309.00;big
57;1863.00;9.50;1433.00;big
58;2265.00;9.50;1153.00;big
58;2355.00;9.50;1038.00;big
59;2001.00;9.50;1114.00;big
59;2087.00;9.50;952.00;big
60;3782.00;9.50;509.00;big
60;3854.00;9.50;724.00;big
61;2296.00;9.50;872.00;big
61;2491.00;9.50;826.00;big
62;2874.00;9.50;404.00;big
62;2696.00;9.50;581.00;big
63;1619.00;9.50;96.00;big
63;1844.00;9.50;81.00;big
64;2338.00;9.50;117.00;big
64;2025.00;9.50;104.00;big
65;3028.00;9.50;119.00;big
65;3300.00;9.50;58.00;big
66;2210.00;9.50;377.00;big
66;2433.00;9.50;538.00;big
67;2649.00;9.50;149.00;big
67;2853.00;9.50;100.00;big
68;2874.00;9.50;1316.00;big
68;2795.00;9.50;1263.00;big
69;3317.00;10.75;1229.00;big
69;3228.00;9.50;1207.00;big
70;3611.00;9.50;1293.00;small
70;3600.00;9.50;1435.00;small
71;4072.00;9.50;529.00;big
71;4264.00;9.50;570.00;big
72;4474.00;9.50;653.00;big
72;4348.00;9.50;738.00;big
73;4410.00;9.50;754.00;big
73;4412.00;9.50;798.00;big
74;4184.00;9.50;93.00;big
74;4117.00;9.50;288.00;big
75;4532.00;9.50;768.00;big
75;4634.00;9.50;919.00;big
76;4808.00;9.50;1109.00;big
76;4701.00;10.82;1045.00;big
77;4712.00;9.50;1191.00;small
77;4725.00;9.50;1289.00;small
78;4879.00;9.50;937.00;big
78;4865.00;10.20;770.00;big
79;4862.00;9.50;1298.00;big
79;4984.00;9.50;1404.00;big
80;4689.00;9.50;798.00;big
80;4703.00;9.50;711.00;big
81;5262.00;9.50;341.00;big
81;5119.00;9.50;410.00;big
82;4959.00;9.50;401.00;small
82;4950.00;9.50;481.00;small
83;5280.00;9.50;521.00;big
83;5421.00;9.50;361.00;big
84;4943.00;9.50;640.00;big
84;5020.00;9.50;764.00;big
84;5212.00;9.50;762.00;big
84;5168.00;10.62;567.00;big
85;3870.00;9.50;200.00;big
85;3617.00;9.50;169.00;big
86;5251.00;9.50;123.00;big
86;5519.00;9.50;154.00;big
87;5196.00;9.50;1674.00;big
87;5042.00;12.65;1528.00;big
88;84.00;9.50;1843.00;big
88;5495.00;9.50;1719.00;big
89;829.00;9.50;1528.00;small
89;901.00;9.50;1366.00;small
90;4942.00;9.50;1182.00;big
90;5066.00;9.50;1344.00;big
91;4883.00;9.50;543.00;big
91;4824.00;9.50;499.00;big
92;4634.00;9.50;393.00;big
92;4734.00;9.50;449.00;big
93;4677.00;14.18;606.00;big
93;4773.00;9.50;618.00;big
94;5127.00;9.50;921.00;big
94;5039.00;9.50;1073.00;big
95;5475.00;9.50;1177.00;big
95;48.00;9.50;1185.00;big
96;11.00;9.50;1526.00;big
96;5448.00;9.50;1500.00;big
97;5454.00;9.55;747.00;big
97;93.00;9.50;614.00;big
98;4744.00;9.50;68.00;big
98;4945.00;9.50;79.00;big
99;4485.00;9.50;132.00;big
99;4461.00;9.50;416.00;big
100;3366.00;9.50;1062.00;small
100;3535.00;9.50;845.00;small
101;4106.00;9.50;810.00;big
101;4253.00;9.50;852.00;big
102;3499.00;9.50;516.00;big
102;3599.00;9.50;696.00;big
103;3457.00;9.50;353.00;small
103;3381.00;9.50;244.00;small
104;3849.00;9.50;963.00;big
104;3735.00;9.50;882.00;big
105;272.00;9.50;1162.00;big
105;432.00;9.50;1007.00;big
106;1284.00;9.50;1091.00;big
106;1054.00;9.50;1241.00;big
107;1515.00;9.50;919.00;small
107;1439.00;9.50;995.00;small
108;1564.00;9.50;261.00;big
108;1610.00;9.50;494.00;big
109;1507.00;9.50;643.00;big
109;1450.00;9.50;782.00;big
110;1198.00;9.50;914.00;big
110;1173.00;9.50;690.00;big
111;892.00;9.50;1047.00;big
111;688.00;9.50;1135.00;big
112;672.00;9.50;120.00;big
112;266.00;9.50;103.00;big
113;715.00;9.50;300.00;big
113;824.00;9.50;457.00;big
114;342.00;9.50;1730.00;big
114;642.00;9.50;1686.00;big
115;578.00;9.50;1448.00;big
115;748.00;9.50;1471.00;big
116;3715.00;14.82;1118.00;big
116;3613.00;13.40;1186.00;big
116;3705.00;12.73;1242.00;big
116;3560.00;13.18;1265.00;big
117;1560.00;10.60;1465.00;small
117;1599.00;12.00;1543.00;small
118;907.00;13.28;1658.00;big
119;1272.00;10.50;1400.00;big
120;1326.00;10.30;1547.00;big
120;1283.00;10.90;1645.00;big
121;1569.00;10.70;1626.00;big
121;1686.00;10.10;1663.00;big
122;886.00;14.82;1766.00;big
123;1249.00;12.95;1244.00;small
123;1238.00;13.70;1184.00;small
124;1772.00;10.65;971.00;big
124;1632.00;12.98;910.00;big
125;2128.00;12.03;566.00;big
125;2180.00;10.68;737.00;big
125;2014.00;10.55;487.00;big
126;2880.00;12.62;1242.00;small
126;2954.00;10.90;1231.00;small
126;2815.00;14.18;1229.00;small
127;2688.00;10.48;1054.00;small
127;2905.00;9.98;1159.00;small
127;2823.00;10.60;1148.00;small
127;2695.00;10.40;958.00;small
127;2922.00;12.28;1025.00;small
127;2824.00;10.50;1022.00;small
128;3307.00;10.85;1067.00;big
128;3270.00;9.95;1142.00;small
129;3292.00;12.30;1301.00;big
129;3414.00;13.38;1308.00;big
130;3318.00;9.80;1550.00;big
130;3284.00;9.95;1514.00;big
130;3341.00;9.85;1518.00;big
130;3244.00;10.32;1503.00;small
131;3239.00;9.82;1584.00;big
131;3189.00;10.30;1572.00;big
132;3282.00;9.95;1699.00;big
132;3353.00;9.90;1688.00;big
133;3400.00;10.05;1558.00;big
133;3485.00;9.93;1600.00;big
133;3425.00;10.00;1661.00;big
134;3521.00;10.48;1341.00;small
134;3493.00;14.10;1378.00;small
135;3449.00;9.80;1469.00;big
135;3451.00;10.10;1418.00;big
136;3762.00;9.80;1486.00;big
136;3873.00;10.32;1560.00;big
136;4016.00;10.20;1521.00;big
137;3632.00;9.60;1487.00;big
137;3610.00;9.68;1536.00;big
137;3653.00;10.28;1553.00;big
137;3575.00;9.60;1482.00;big
138;3730.00;11.18;1596.00;small
138;3775.00;10.50;1657.00;small
139;3243.00;14.07;200.00;big
139;3140.00;13.90;121.00;big
140;2938.00;10.73;790.00;big
140;2813.00;10.48;820.00;big
140;2700.00;11.00;846.00;big
141;4175.00;9.88;1039.00;big
141;4250.00;12.48;1065.00;big
142;4410.00;9.90;943.00;big
142;4464.00;9.82;855.00;big
143;4617.00;9.70;1281.00;big
143;4634.00;12.82;1357.00;big
144;4461.00;11.45;1183.00;big
144;4478.00;13.25;1304.00;big
145;4051.00;12.70;1302.00;big
145;4189.00;12.80;1384.00;big
146;4013.00;21.35;1217.00;big
146;4108.00;20.10;1125.00;big
146;4189.00;20.23;1102.00;big
147;4212.00;10.05;1802.00;big
147;4398.00;10.40;1729.00;big
148;4920.00;9.88;1474.00;big
148;4814.00;10.50;1570.00;big
149;4339.00;12.75;1618.00;big
149;4577.00;12.57;1560.00;big
150;3552.00;9.70;1890.00;big
150;3694.00;10.30;1902.00;big
150;3616.00;10.55;1784.00;big
151;4173.00;11.60;1580.00;big
151;4117.00;10.40;1646.00;big
151;3898.00;10.10;1659.00;big
152;4576.00;12.80;1468.00;big
152;4417.00;14.18;1428.00;big
152;4297.00;13.43;1525.00;big
153;3940.00;9.70;1016.00;big
153;4053.00;10.15;1084.00;big
154;4882.00;11.28;1209.00;big
154;4991.00;12.10;1283.00;big
155;4728.00;11.53;1507.00;big
155;4822.00;11.85;1426.00;big
155;4743.00;10.20;1376.00;big
156;4945.00;9.82;170.00;small
156;4710.00;10.57;207.00;small
157;5475.00;12.55;62.00;big
157;5566.00;11.60;162.00;big
158;4698.00;10.35;511.00;small
158;4525.00;12.03;534.00;small
159;4615.00;12.82;702.00;big
159;4580.00;10.25;631.00;big
160;4699.00;10.48;903.00;big
160;4748.00;10.82;777.00;big
161;2477.00;10.90;1884.00;small
161;2539.00;14.95;1892.00;small
162;3812.00;15.62;1207.00;big
162;3884.00;15.30;1231.00;big
163;1747.00;9.80;801.00;big
163;1825.00;9.85;649.00;big
163;1891.00;9.93;912.00;big
164;4636.00;12.07;1102.00;big
164;4628.00;9.70;1185.00;big
165;4449.00;12.88;1075.00;big
165;4546.00;10.00;1036.00;big
166;1525.00;9.50;1879.00;big
166;1485.00;9.50;1971.00;big
167;5106.00;15.70;516.00;big
167;4932.00;11.80;600.00;big
167;5027.00;12.98;555.00;big
168;3065.00;9.50;1382.00;small
169;2950.00;12.55;1335.00;big
170;1463.00;9.50;1295.00;big
170;1601.00;9.50;1312.00;big
171;717.00;9.50;1837.00;small
171;387.00;9.50;1901.00;small
172;442.00;9.50;679.00;big
172;219.00;9.50;715.00;big
173;2930.00;9.50;1609.00;small
173;2878.00;9.50;1663.00;small
174;2955.00;9.50;1921.00;small
174;2882.00;9.50;1747.00;small
175;660.00;9.50;714.00;big
175;892.00;9.50;737.00;big
176;113.00;9.50;1486.00;big
176;348.00;9.50;1427.00;big
177;5242.00;9.50;1357.00;big
177;5193.00;9.50;1184.00;big
178;5590.00;9.50;371.00;big
178;132.00;9.50;430.00;big
179;343.00;9.85;406.00;big
179;561.00;9.50;431.00;big
180;129.00;9.50;868.00;big
180;5594.00;9.50;947.00;big
181;3518.00;12.30;341.00;big
182;2731.00;12.40;1212.00;small
182;2701.00;13.20;1167.00;small
182;2626.00;10.30;1095.00;small
183;3105.00;10.48;802.00;big
184;2997.00;11.68;676.00;big
184;3049.00;11.28;791.00;big
185;3366.00;9.88;366.00;big
186;4804.00;10.88;1260.00;small
186;4784.00;12.15;1327.00;small
187;4377.00;9.88;660.00;small
187;4435.00;9.70;596.00;small
188;4398.00;9.90;717.00;small
188;4351.00;9.70;789.00;small
189;4307.00;10.90;1031.00;small
189;4315.00;10.53;941.00;small
190;3931.00;10.00;1175.00;big
190;3841.00;12.40;1095.00;big
191;3187.00;11.55;1983.00;small
191;3048.00;9.50;1916.00;small
192;3107.00;11.45;1887.00;big
192;3047.00;11.40;1793.00;big
193;4914.00;10.35;428.00;small
193;4873.00;10.38;433.00;small
194;5078.00;10.25;308.00;small
194;5081.00;10.05;131.00;small
195;4758.00;10.55;281.00;small
195;4930.00;10.00;279.00;small
196;3654.00;9.73;1024.00;small
196;3483.00;11.80;974.00;small
197;1725.00;9.90;1636.00;small
197;1647.00;10.85;1593.00;small
198;1460.00;10.53;1570.00;big
199;1075.00;14.85;1653.00;big
200;4353.00;14.62;1264.00;big
200;4330.00;21.02;1174.00;big
201;1675.00;15.15;660.00;small
201;1637.00;9.80;786.00;small
201;1753.00;19.75;528.00;small
202;3213.00;9.50;1279.00;small
203;3637.00;9.50;1061.00;small
204;1060.00;9.88;1353.00;small
204;1175.00;15.62;1291.00;small
205;1400.00;9.93;1141.00;small
205;1321.00;10.07;1137.00;small
206;3071.00;9.50;1649.00;small
207;2985.00;9.50;1662.00;small
208;2788.00;9.70;1462.00;big
208;2807.00;10.00;1500.00;big
209;2728.00;12.10;1355.00;big
209;2684.00;14.00;1354.00;big
210;2701.00;11.23;1292.00;big
210;2758.00;11.93;1291.00;big
211;1504.00;9.80;1389.00;small
211;1390.00;10.30;1412.00;big
212;1430.00;10.55;1721.00;big
213;1811.00;9.70;1650.00;big
213;1774.00;9.80;1668.00;big
214;1465.00;12.05;1473.00;big
214;1538.00;11.25;1509.00;big
215;3070.00;13.30;243.00;big
216;3298.00;10.60;889.00;big
217;3356.00;14.23;660.00;big
217;3362.00;12.32;558.00;big
218;904.00;9.70;1535.00;big
218;959.00;13.07;1463.00;small
219;1164.00;17.65;1499.00;big
219;1072.00;15.50;1472.00;small
220;1887.00;9.62;1769.00;big
220;1644.00;9.50;1880.00;big
220;1646.00;11.35;1721.00;big
221;1078.00;11.30;1799.00;big
222;1101.00;9.50;1944.00;big
222;1315.00;10.60;1890.00;big
223;3271.00;12.85;357.00;big
223;3193.00;12.65;282.00;big
224;3068.00;14.68;451.00;big
225;3020.00;10.20;1167.00;small
225;3149.00;11.12;1174.00;small
225;3094.00;10.12;1142.00;small
226;2650.00;11.00;773.00;small
226;2583.00;10.75;870.00;big
227;3072.00;11.00;609.00;big
227;3205.00;11.23;657.00;big
227;3204.00;11.98;531.00;big
228;3110.00;11.00;1047.00;big
228;3006.00;10.70;945.00;big
229;5288.00;10.53;1674.00;big
229;25.00;10.50;1914.00;big
230;3336.00;9.78;1422.00;big
230;3361.00;9.80;1422.00;big
231;3503.00;9.80;1501.00;big
231;3567.00;10.20;1577.00;big
232;3938.00;12.80;1347.00;big
232;3760.00;9.80;1352.00;big
233;3262.00;10.32;1759.00;big
233;3330.00;9.50;1810.00;big
234;3287.00;9.85;1596.00;big
234;3344.00;10.03;1605.00;big
235;3225.00;10.00;1472.00;big
235;3254.00;9.80;1440.00;big
236;3289.00;9.50;1759.00;big
236;3309.00;9.50;1753.00;big
237;3479.00;9.90;1737.00;big
237;3405.00;10.48;1786.00;big
238;4036.00;10.40;1809.00;big
238;3863.00;10.30;1794.00;big
239;3394.00;9.93;1495.00;big
239;3373.00;9.80;1469.00;big
240;3279.00;9.93;1463.00;big
240;3326.00;9.70;1471.00;big
